               -313.1385917559
         -0.000008288       0.000000564       0.000000003
          0.000000564      -0.000008174       0.000000003
          0.000000003       0.000000003       0.000000051
          18
  1    12      -0.001135989       0.000976340       0.001010566  Mg
  2     8       0.001172062      -0.000684648      -0.001351613  O
  1    12      -0.001179532       0.001004998       0.000086085  Mg
  1    12      -0.001178506       0.001048607       0.001024701  Mg
  1    12      -0.001219888       0.000976993       0.001023980  Mg
  1    12      -0.001178426       0.001005826       0.000136529  Mg
  1    12      -0.001177469       0.001000259       0.000135949  Mg
  1    12      -0.001182721       0.000999576       0.000086095  Mg
  1    12      -0.001181798       0.001002617       0.000085871  Mg
  1    12      -0.001183695       0.000997769       0.000136440  Mg
  2     8       0.001096258      -0.000733934      -0.000074549  O
  2     8       0.001092416      -0.000732266      -0.000354244  O
  2     8       0.001090962      -0.000734198      -0.000354270  O
  2     8       0.001094039      -0.000729278      -0.000354327  O
  2     8       0.001094482      -0.000729874      -0.000354812  O
  2     8       0.001092874      -0.000731495      -0.000353911  O
  2     8       0.001090720      -0.000730743      -0.000074592  O
  2     8       0.001092005      -0.000734211      -0.000354310  O
