     1  1  0.02000000      36
     1  2  0.02000000      36
     2  1  0.02000000      36
     2  2  0.02000000      36
     3  1  0.02000000      36
     3  2  0.02000000      36
     4  1  0.02000000      36
     4  2  0.02000000      36
     5  1  0.01000000      36
     5  2  0.01000000      36
     6  1  0.01000000      36
     6  2  0.01000000      36
     7  1  0.02000000      36
     7  2  0.02000000      36
     8  1  0.02000000      36
     8  2  0.02000000      36
     9  1  0.02000000      36
     9  2  0.02000000      36
    10  1  0.02000000      36
    10  2  0.02000000      36
    11  1  0.02000000      36
    11  2  0.02000000      36
    12  1  0.02000000      36
    12  2  0.02000000      36
    13  1  0.02000000      36
    13  2  0.02000000      36
    14  1  0.02000000      36
    14  2  0.02000000      36
    15  1  0.02000000      36
    15  2  0.02000000      36
    16  1  0.02000000      36
    16  2  0.02000000      36
    17  1  0.02000000      36
    17  2  0.02000000      36
    18  1  0.02000000      36
    18  2  0.02000000      36
    19  1  0.02000000      36
    19  2  0.02000000      36
    20  1  0.02000000      36
    20  2  0.02000000      36
    21  1  0.02000000      36
    21  2  0.02000000      36
    22  1  0.02000000      36
    22  2  0.02000000      36
    23  1  0.02000000      36
    23  2  0.02000000      36
    24  1  0.02000000      36
    24  2  0.02000000      36
    25  1  0.02000000      36
    25  2  0.02000000      36
    26  1  0.02000000      36
    26  2  0.02000000      36
    27  1  0.02000000      36
    27  2  0.02000000      36
    28  1  0.02000000      36
    28  2  0.02000000      36
    29  1  0.02000000      36
    29  2  0.02000000      36
    30  1  0.02000000      36
    30  2  0.02000000      36
    31  1  0.02000000      36
    31  2  0.02000000      36
    32  1  0.02000000      36
    32  2  0.02000000      36
    33  1  0.02000000      36
    33  2  0.02000000      36
    34  1  0.02000000      36
    34  2  0.02000000      36
    35  1  0.02000000      36
    35  2  0.02000000      36
    36  1  0.02000000      36
    36  2  0.02000000      36
    37  1  0.02000000      36
    37  2  0.02000000      36
    38  1  0.02000000      36
    38  2  0.02000000      36
    39  1  0.02000000      36
    39  2  0.02000000      36
    40  1  0.02000000      36
    40  2  0.02000000      36
    41  1  0.02000000      36
    41  2  0.02000000      36
    42  1  0.02000000      36
    42  2  0.02000000      36
    43  1  0.02000000      36
    43  2  0.02000000      36
    44  1  0.02000000      36
    44  2  0.02000000      36
    45  1  0.02000000      36
    45  2  0.02000000      36
    46  1  0.02000000      36
    46  2  0.02000000      36
    47  1  0.01000000      36
    47  2  0.01000000      36
    48  1  0.01000000      36
    48  2  0.01000000      36
    49  1  0.01000000      36
    49  2  0.01000000      36
    50  1  0.01000000      36
    50  2  0.01000000      36
    51  1  0.01000000      36
    51  2  0.01000000      36
    52  1  0.01000000      36
    52  2  0.01000000      36
    53  1  0.01000000      36
    53  2  0.01000000      36
    54  1  0.01000000      36
    54  2  0.01000000      36
    55  1  0.01000000      36
    55  2  0.01000000      36
    56  1  0.01000000      36
    56  2  0.01000000      36
