               -313.1385217373
         -0.000008273       0.000000562      -0.000000005
          0.000000562      -0.000008158       0.000000001
         -0.000000005       0.000000001       0.000000064
          18
  1    12      -0.001027003       0.000913453       0.001909727  Mg
  2     8       0.001189745      -0.000669941      -0.002690188  O
  1    12      -0.001181777       0.001003726       0.000155054  Mg
  1    12      -0.001178546       0.001171579       0.001936340  Mg
  1    12      -0.001326515       0.000915517       0.001936065  Mg
  1    12      -0.001178423       0.001006883       0.000250429  Mg
  1    12      -0.001174496       0.000998509       0.000249326  Mg
  1    12      -0.001182737       0.001002167       0.000155070  Mg
  1    12      -0.001179565       0.001001323       0.000154641  Mg
  1    12      -0.001186679       0.000996012       0.000250245  Mg
  2     8       0.001096260      -0.000733897      -0.000131834  O
  2     8       0.001095564      -0.000736207      -0.000663077  O
  2     8       0.001089041      -0.000729398      -0.000663148  O
  2     8       0.001088916      -0.000729997      -0.000663286  O
  2     8       0.001091366      -0.000733834      -0.000664041  O
  2     8       0.001097702      -0.000732228      -0.000662489  O
  2     8       0.001090725      -0.000730712      -0.000131943  O
  2     8       0.001093857      -0.000729548      -0.000663221  O
