    60
     1   -0.135183   -0.078048    0.000000       0.010000
     2   -0.101387   -0.058536    0.000000       0.010000
     3   -0.067592   -0.039024    0.000000       0.010000
     4   -0.033796   -0.019512    0.000000       0.010000
     5    0.000000    0.000000    0.000000       0.010000
     6    0.033796    0.019512    0.000000       0.010000
     7    0.067592    0.039024    0.000000       0.010000
     8    0.101387    0.058536    0.000000       0.010000
     9    0.135183    0.078048    0.000000       0.010000
    10    0.168979    0.097560    0.000000       0.010000
    11   -0.135183   -0.039024    0.000000       0.020000
    12   -0.101387   -0.019512    0.000000       0.020000
    13   -0.067592    0.000000    0.000000       0.020000
    14   -0.033796    0.019512    0.000000       0.020000
    15    0.000000    0.039024    0.000000       0.020000
    16    0.033796    0.058536    0.000000       0.020000
    17    0.067592    0.078048    0.000000       0.020000
    18    0.101387    0.097560    0.000000       0.020000
    19    0.135183    0.117072    0.000000       0.020000
    20    0.168979    0.136584    0.000000       0.020000
    21   -0.135183    0.000000    0.000000       0.020000
    22   -0.101387    0.019512    0.000000       0.020000
    23   -0.067592    0.039024    0.000000       0.020000
    24   -0.033796    0.058536    0.000000       0.020000
    25    0.000000    0.078048    0.000000       0.020000
    26    0.033796    0.097560    0.000000       0.020000
    27    0.067592    0.117072    0.000000       0.020000
    28    0.101387    0.136584    0.000000       0.020000
    29    0.135183    0.156096    0.000000       0.020000
    30    0.168979    0.175608    0.000000       0.020000
    31   -0.135183    0.039024    0.000000       0.020000
    32   -0.101387    0.058536    0.000000       0.020000
    33   -0.067592    0.078048    0.000000       0.020000
    34   -0.033796    0.097560    0.000000       0.020000
    35    0.000000    0.117072    0.000000       0.020000
    36    0.033796    0.136584    0.000000       0.020000
    37    0.067592    0.156096    0.000000       0.020000
    38    0.101387    0.175608    0.000000       0.020000
    39    0.135183    0.195120    0.000000       0.020000
    40    0.168979    0.214632    0.000000       0.020000
    41   -0.135183    0.078048    0.000000       0.020000
    42   -0.101387    0.097560    0.000000       0.020000
    43   -0.067592    0.117072    0.000000       0.020000
    44   -0.033796    0.136584    0.000000       0.020000
    45    0.000000    0.156096    0.000000       0.020000
    46    0.033796    0.175608    0.000000       0.020000
    47    0.067592    0.195120    0.000000       0.020000
    48    0.101387    0.214632    0.000000       0.020000
    49    0.135183    0.234144    0.000000       0.020000
    50    0.168979    0.253656    0.000000       0.020000
    51   -0.135183    0.117072    0.000000       0.010000
    52   -0.101387    0.136584    0.000000       0.010000
    53   -0.067592    0.156096    0.000000       0.010000
    54   -0.033796    0.175608    0.000000       0.010000
    55    0.000000    0.195120    0.000000       0.010000
    56    0.033796    0.214632    0.000000       0.010000
    57    0.067592    0.234144    0.000000       0.010000
    58    0.101387    0.253656    0.000000       0.010000
    59    0.135183    0.273168    0.000000       0.010000
    60    0.168979    0.292680    0.000000       0.010000
